                                                 0
                                                 0
00000000000000000000000000000000000000000000000000
00000000000000000000000000000000000000000000000000
                                                 0
                        0                        0
                       000                       0
                      00000                      0
                 000000000000000                 0
                  000       000                  0
                   0         0                   0      
                  000       000                  0
                 000000000000000                 0      
                      00000                      0
                       000                       0
                        0                        0
                                                 0
00000000000000000000000000000000000000000000000000
00000000000000000000000000000000000000000000000000
                                                 0
                                                 0
00000000000000000000000000000000000000000000000000